[gd_scene load_steps=6 format=2]

[ext_resource path="res://src/stage/Strings.gd" type="Script" id=1]
[ext_resource path="res://src/objects/fretlane/fretlane.tscn" type="PackedScene" id=2]
[ext_resource path="res://src/objects/fretboard/Fretboard.tscn" type="PackedScene" id=3]
[ext_resource path="res://src/stage/stage_bg_mat.tres" type="Material" id=4]
[ext_resource path="res://src/stage/GUI.gd" type="Script" id=5]

[node name="Stage" type="Spatial"]
script = ExtResource( 1 )

[node name="fret_lanes" type="Spatial" parent="."]

[node name="FretLane" parent="fret_lanes" instance=ExtResource( 2 )]
transform = Transform( 1, 0, 0, 0, 1, 0, 0, 0, 20, -11, 0.35, 0 )

[node name="FretLane2" parent="fret_lanes" instance=ExtResource( 2 )]
transform = Transform( 1, 0, 0, 0, 1, 0, 0, 0, 20, -10, 0.35, 0 )

[node name="FretLane3" parent="fret_lanes" instance=ExtResource( 2 )]
transform = Transform( 1, 0, 0, 0, 1, 0, 0, 0, 20, -9, 0.35, 0 )

[node name="FretLane4" parent="fret_lanes" instance=ExtResource( 2 )]
transform = Transform( 1, 0, 0, 0, 1, 0, 0, 0, 20, -8, 0.35, 0 )

[node name="FretLane5" parent="fret_lanes" instance=ExtResource( 2 )]
transform = Transform( 1, 0, 0, 0, 1, 0, 0, 0, 20, -7, 0.35, 0 )

[node name="FretLane6" parent="fret_lanes" instance=ExtResource( 2 )]
transform = Transform( 1, 0, 0, 0, 1, 0, 0, 0, 20, -6, 0.35, 0 )

[node name="FretLane7" parent="fret_lanes" instance=ExtResource( 2 )]
transform = Transform( 1, 0, 0, 0, 1, 0, 0, 0, 20, -5, 0.35, 0 )

[node name="FretLane8" parent="fret_lanes" instance=ExtResource( 2 )]
transform = Transform( 1, 0, 0, 0, 1, 0, 0, 0, 20, -4, 0.35, 0 )

[node name="FretLane9" parent="fret_lanes" instance=ExtResource( 2 )]
transform = Transform( 1, 0, 0, 0, 1, 0, 0, 0, 20, -3, 0.35, 0 )

[node name="FretLane10" parent="fret_lanes" instance=ExtResource( 2 )]
transform = Transform( 1, 0, 0, 0, 1, 0, 0, 0, 20, -2, 0.35, 0 )

[node name="FretLane11" parent="fret_lanes" instance=ExtResource( 2 )]
transform = Transform( 1, 0, 0, 0, 1, 0, 0, 0, 20, -1, 0.35, 0 )

[node name="FretLane12" parent="fret_lanes" instance=ExtResource( 2 )]
transform = Transform( 1, 0, 0, 0, 1, 0, 0, 0, 20, 0, 0.35, 0 )

[node name="FretLane13" parent="fret_lanes" instance=ExtResource( 2 )]
transform = Transform( 1, 0, 0, 0, 1, 0, 0, 0, 20, 1, 0.35, 0 )

[node name="FretLane14" parent="fret_lanes" instance=ExtResource( 2 )]
transform = Transform( 1, 0, 0, 0, 1, 0, 0, 0, 20, 2, 0.35, 0 )

[node name="FretLane15" parent="fret_lanes" instance=ExtResource( 2 )]
transform = Transform( 1, 0, 0, 0, 1, 0, 0, 0, 20, 3, 0.35, 0 )

[node name="FretLane16" parent="fret_lanes" instance=ExtResource( 2 )]
transform = Transform( 1, 0, 0, 0, 1, 0, 0, 0, 20, 4, 0.35, 0 )

[node name="FretLane17" parent="fret_lanes" instance=ExtResource( 2 )]
transform = Transform( 1, 0, 0, 0, 1, 0, 0, 0, 20, 5, 0.35, 0 )

[node name="FretLane18" parent="fret_lanes" instance=ExtResource( 2 )]
transform = Transform( 1, 0, 0, 0, 1, 0, 0, 0, 20, 6, 0.35, 0 )

[node name="FretLane19" parent="fret_lanes" instance=ExtResource( 2 )]
transform = Transform( 1, 0, 0, 0, 1, 0, 0, 0, 20, 7, 0.35, 0 )

[node name="FretLane20" parent="fret_lanes" instance=ExtResource( 2 )]
transform = Transform( 1, 0, 0, 0, 1, 0, 0, 0, 20, 8, 0.35, 0 )

[node name="FretLane21" parent="fret_lanes" instance=ExtResource( 2 )]
transform = Transform( 1, 0, 0, 0, 1, 0, 0, 0, 20, 9, 0.35, 0 )

[node name="FretLane22" parent="fret_lanes" instance=ExtResource( 2 )]
transform = Transform( 1, 0, 0, 0, 1, 0, 0, 0, 20, 10, 0.35, 0 )

[node name="FretLane23" parent="fret_lanes" instance=ExtResource( 2 )]
transform = Transform( 1, 0, 0, 0, 1, 0, 0, 0, 20, 11, 0.35, 0 )

[node name="FretLane24" parent="fret_lanes" instance=ExtResource( 2 )]
transform = Transform( 1, 0, 0, 0, 1, 0, 0, 0, 20, 12, 0.35, 0 )

[node name="Notes" type="Spatial" parent="."]

[node name="Fretboard" parent="." instance=ExtResource( 3 )]

[node name="InterpolatedCamera" type="InterpolatedCamera" parent="."]
transform = Transform( 1, 0, 0, 0, 1, 0, 0, 0, 1, 0, 0, 4 )
current = true
fov = 50.0
target = NodePath("../Fret_pos/Spatial20")
speed = 2.0
enabled = true

[node name="CSGBox" type="CSGBox" parent="."]
transform = Transform( 1, 0, 0, 0, 1, 0, 0, 0, 1, 0, 9.5, 0 )
invert_faces = true
width = 70.0
height = 20.0
depth = 100.0
material = ExtResource( 4 )

[node name="AudioStreamPlayer" type="AudioStreamPlayer" parent="."]

[node name="GUI" type="Control" parent="."]
margin_right = 40.0
margin_bottom = 40.0
script = ExtResource( 5 )
__meta__ = {
"_edit_use_anchors_": false
}

[node name="OptionButton" type="OptionButton" parent="GUI"]
margin_left = 65.1057
margin_top = 37.9116
margin_right = 183.106
margin_bottom = 91.9116
__meta__ = {
"_edit_use_anchors_": false
}

[node name="Button" type="Button" parent="GUI"]
margin_left = 1089.73
margin_top = 35.7993
margin_right = 1220.73
margin_bottom = 85.7993
text = "Exit Song"

[node name="SpinBox" type="SpinBox" parent="GUI"]
margin_left = 709.776
margin_top = 42.6803
margin_right = 817.776
margin_bottom = 87.6803
rounded = true
editable = false
__meta__ = {
"_edit_use_anchors_": false
}

[node name="HSlider" type="HSlider" parent="GUI"]
margin_left = 343.674
margin_top = 47.2551
margin_right = 446.674
margin_bottom = 73.2551
min_value = 50.0
value = 100.0
rounded = true
editable = false
__meta__ = {
"_edit_use_anchors_": false
}

[node name="Label" type="Label" parent="GUI"]
margin_left = 347.237
margin_top = 35.1524
margin_right = 387.237
margin_bottom = 49.1524
text = "Playback speed = 100%"

[node name="Fret_pos" type="Spatial" parent="."]
transform = Transform( 1, 0, 0, 0, 1, 0, 0, 0, 1, 2, 3, 4 )

[node name="Spatial" type="Spatial" parent="Fret_pos"]
transform = Transform( 0.996195, -0.0225576, 0.084186, 0, 0.965926, 0.258819, -0.0871557, -0.257834, 0.96225, -10.5, 0, 0 )

[node name="Spatial2" type="Spatial" parent="Fret_pos"]
transform = Transform( 0.996195, -0.0225576, 0.084186, 0, 0.965926, 0.258819, -0.0871557, -0.257834, 0.96225, -9.5, 0, 0 )

[node name="Spatial3" type="Spatial" parent="Fret_pos"]
transform = Transform( 0.996195, -0.0225576, 0.084186, 0, 0.965926, 0.258819, -0.0871557, -0.257834, 0.96225, -8.5, 0, 0 )

[node name="Spatial4" type="Spatial" parent="Fret_pos"]
transform = Transform( 0.996195, -0.0225576, 0.084186, 0, 0.965926, 0.258819, -0.0871557, -0.257834, 0.96225, -7.5, 0, 0 )

[node name="Spatial5" type="Spatial" parent="Fret_pos"]
transform = Transform( 0.996195, -0.0225576, 0.084186, 0, 0.965926, 0.258819, -0.0871557, -0.257834, 0.96225, -6.5, 0, 0 )

[node name="Spatial6" type="Spatial" parent="Fret_pos"]
transform = Transform( 0.996195, -0.0225576, 0.084186, 0, 0.965926, 0.258819, -0.0871557, -0.257834, 0.96225, -5.5, 0, 0 )

[node name="Spatial7" type="Spatial" parent="Fret_pos"]
transform = Transform( 0.996195, -0.0225576, 0.084186, 0, 0.965926, 0.258819, -0.0871557, -0.257834, 0.96225, -4.5, 0, 0 )

[node name="Spatial8" type="Spatial" parent="Fret_pos"]
transform = Transform( 0.996195, -0.0225576, 0.084186, 0, 0.965926, 0.258819, -0.0871557, -0.257834, 0.96225, -3.5, 0, 0 )

[node name="Spatial9" type="Spatial" parent="Fret_pos"]
transform = Transform( 0.996195, -0.0225576, 0.084186, 0, 0.965926, 0.258819, -0.0871557, -0.257834, 0.96225, -2.5, 0, 0 )

[node name="Spatial10" type="Spatial" parent="Fret_pos"]
transform = Transform( 0.996195, -0.0225576, 0.084186, 0, 0.965926, 0.258819, -0.0871557, -0.257834, 0.96225, -1.5, 0, 0 )

[node name="Spatial11" type="Spatial" parent="Fret_pos"]
transform = Transform( 0.996195, -0.0225576, 0.084186, 0, 0.965926, 0.258819, -0.0871557, -0.257834, 0.96225, -0.5, 0, 0 )

[node name="Spatial12" type="Spatial" parent="Fret_pos"]
transform = Transform( 0.996195, -0.0225576, 0.084186, 0, 0.965926, 0.258819, -0.0871557, -0.257834, 0.96225, 0.5, 0, 0 )

[node name="Spatial13" type="Spatial" parent="Fret_pos"]
transform = Transform( 0.996195, -0.0225576, 0.084186, 0, 0.965926, 0.258819, -0.0871557, -0.257834, 0.96225, 1.5, 0, 0 )

[node name="Spatial14" type="Spatial" parent="Fret_pos"]
transform = Transform( 0.996195, -0.0225576, 0.084186, 0, 0.965926, 0.258819, -0.0871557, -0.257834, 0.96225, 2.5, 0, 0 )

[node name="Spatial15" type="Spatial" parent="Fret_pos"]
transform = Transform( 0.996195, -0.0225576, 0.084186, 0, 0.965926, 0.258819, -0.0871557, -0.257834, 0.96225, 3.5, 0, 0 )

[node name="Spatial16" type="Spatial" parent="Fret_pos"]
transform = Transform( 0.996195, -0.0225576, 0.084186, 0, 0.965926, 0.258819, -0.0871557, -0.257834, 0.96225, 4.5, 0, 0 )

[node name="Spatial17" type="Spatial" parent="Fret_pos"]
transform = Transform( 0.996195, -0.0225576, 0.084186, 0, 0.965926, 0.258819, -0.0871557, -0.257834, 0.96225, 5.5, 0, 0 )

[node name="Spatial18" type="Spatial" parent="Fret_pos"]
transform = Transform( 0.996195, -0.0225576, 0.084186, 0, 0.965926, 0.258819, -0.0871557, -0.257834, 0.96225, 6.5, 0, 0 )

[node name="Spatial19" type="Spatial" parent="Fret_pos"]
transform = Transform( 0.996195, -0.0225576, 0.084186, 0, 0.965926, 0.258819, -0.0871557, -0.257834, 0.96225, 7.5, 0, 0 )

[node name="Spatial20" type="Spatial" parent="Fret_pos"]
transform = Transform( 0.996195, -0.0225576, 0.084186, 0, 0.965926, 0.258819, -0.0871557, -0.257834, 0.96225, 8.5, 0, 0 )

[node name="Spatial21" type="Spatial" parent="Fret_pos"]
transform = Transform( 0.996195, -0.0225576, 0.084186, 0, 0.965926, 0.258819, -0.0871557, -0.257834, 0.96225, 9.5, 0, 0 )

[node name="Spatial22" type="Spatial" parent="Fret_pos"]
transform = Transform( 0.996195, -0.0225576, 0.084186, 0, 0.965926, 0.258819, -0.0871557, -0.257834, 0.96225, 10.5, 0, 0 )

[node name="Spatial23" type="Spatial" parent="Fret_pos"]
transform = Transform( 0.996195, -0.0225576, 0.084186, 0, 0.965926, 0.258819, -0.0871557, -0.257834, 0.96225, 11.5, 0, 0 )

[node name="Spatial24" type="Spatial" parent="Fret_pos"]
transform = Transform( 0.996195, -0.0225576, 0.084186, 0, 0.965926, 0.258819, -0.0871557, -0.257834, 0.96225, 12.5, 0, 0 )

[connection signal="item_selected" from="GUI/OptionButton" to="." method="_on_OptionButton_item_selected"]
[connection signal="pressed" from="GUI/Button" to="GUI" method="_on_Button_pressed"]
[connection signal="value_changed" from="GUI/SpinBox" to="." method="_on_SpinBox_value_changed"]
[connection signal="value_changed" from="GUI/HSlider" to="." method="_on_HSlider_value_changed"]
